100 20
43 57 17 6 4 53 82 27 11 41 31 89 82 12 72 45 12 16 45 58
72 95 45 27 36 20 38 91 79 11 47 78 38 27 41 51 27 96 51 42
54 53 41 17 71 70 34 43 58 70 48 80 34 32 66 31 32 37 31 12
79 83 76 37 83 42 88 88 10 7 17 45 88 7 71 90 7 64 90 65
62 29 33 95 88 58 12 17 69 59 56 65 12 53 96 21 53 36 21 77
94 41 55 60 12 44 90 71 76 80 35 46 90 9 78 76 9 97 76 59
15 56 17 30 72 62 35 91 53 95 85 17 35 8 38 35 8 9 35 10
31 94 76 47 37 59 17 55 74 83 59 89 17 12 14 21 12 69 21 61
21 51 7 19 89 12 72 95 40 2 16 18 72 34 22 75 34 40 75 77
75 97 50 96 9 15 28 82 38 5 95 19 28 27 41 7 27 59 7 45
59 1 13 30 66 60 8 90 44 44 88 51 8 4 34 60 4 83 60 90
20 40 2 68 79 91 95 79 21 53 13 61 95 33 74 98 33 9 98 90
61 85 85 19 75 27 81 83 99 39 59 51 81 11 37 70 11 54 70 74
55 47 6 49 61 1 14 64 51 48 76 24 14 90 48 98 90 98 98 22
76 21 93 4 7 51 22 86 91 72 79 7 22 55 36 46 55 29 46 15
58 97 53 86 64 62 97 16 73 12 28 59 97 34 13 15 34 18 15 95
25 94 27 97 19 44 47 45 56 17 6 25 47 6 66 97 6 47 97 41
51 40 45 67 8 88 47 3 63 68 82 75 47 52 69 77 52 48 77 46
25 15 34 89 71 57 59 7 65 68 48 49 59 38 14 60 38 21 60 83
51 22 26 61 24 75 8 54 36 56 63 6 8 41 32 74 41 53 74 88
2 63 94 90 41 47 10 62 96 74 41 28 10 58 70 73 58 53 73 72
94 17 34 13 33 2 7 7 24 35 70 42 7 48 19 28 48 71 28 75
80 57 13 35 13 54 56 29 82 76 50 54 56 11 16 92 11 59 92 5
45 66 3 96 8 30 66 89 40 7 73 12 66 89 78 90 89 16 90 17
64 16 54 29 59 83 88 2 34 61 9 42 88 60 34 33 60 93 33 56
81 24 72 25 13 20 2 76 26 43 43 21 2 49 46 87 49 81 87 43
79 27 4 71 95 91 48 50 57 10 91 78 48 63 61 47 63 86 47 63
69 2 49 11 29 40 7 89 79 17 6 49 7 65 30 76 65 62 76 37
21 34 63 13 23 83 21 82 43 59 7 14 21 9 62 26 9 86 26 43
11 33 89 90 57 94 8 65 55 39 40 1 8 94 32 45 94 63 45 19
61 17 71 84 43 10 14 55 40 70 33 26 14 56 40 39 56 6 39 89
79 32 10 99 7 52 8 66 63 2 92 16 8 53 94 41 53 33 41 80
53 80 66 76 64 77 12 46 11 97 78 24 12 41 76 4 41 75 4 11
32 62 40 10 57 74 12 57 29 32 35 33 12 46 84 29 46 89 29 85
11 58 64 76 80 60 17 83 64 70 76 20 17 67 1 83 67 4 83 28
5 16 95 14 13 66 30 40 54 48 46 9 30 75 2 81 75 63 81 20
64 11 88 60 38 17 71 25 76 75 9 52 71 83 1 21 83 43 21 36
86 92 92 71 25 17 62 31 42 20 28 1 62 25 26 4 25 39 4 2
7 39 10 42 79 22 53 1 86 50 61 67 53 34 46 95 34 63 95 7
84 86 83 18 10 55 64 12 15 41 52 91 64 36 92 80 36 7 80 43
17 97 32 78 68 90 63 10 77 78 14 52 63 95 63 23 95 30 23 64
52 85 30 14 37 11 3 27 9 3 38 87 3 56 94 64 56 17 64 74
62 20 4 32 99 22 89 67 36 94 57 31 89 95 27 77 95 87 77 4
19 66 7 67 3 78 74 33 49 77 62 59 74 70 22 91 70 49 91 19
84 45 64 86 88 42 49 20 93 95 41 13 49 11 88 46 11 54 46 76
86 5 35 98 82 93 24 21 10 5 98 46 24 17 32 27 17 74 27 27
67 54 12 24 37 55 15 5 52 55 60 97 15 42 37 18 42 16 18 20
12 88 49 73 73 7 37 71 49 86 89 12 37 80 45 42 80 34 42 65
87 11 17 51 89 96 26 73 87 44 58 35 26 82 87 3 82 31 3 57
71 35 92 79 4 72 6 88 34 88 49 65 6 72 80 26 72 24 26 64
37 10 55 91 61 1 74 67 33 65 82 46 74 52 5 81 52 41 81 42
9 17 43 71 33 37 91 78 36 47 1 22 91 85 15 24 85 76 24 19
42 26 77 20 58 67 77 52 50 81 48 93 77 26 54 83 26 88 83 65
57 96 77 66 37 39 57 79 20 80 34 41 57 30 76 8 30 61 8 48
49 81 10 71 65 41 23 9 75 61 51 15 23 39 88 5 39 34 5 18
49 61 56 92 60 13 81 63 5 10 11 2 81 60 73 82 60 80 82 6
3 7 83 88 28 86 12 73 47 27 3 9 12 66 60 47 66 91 47 4
5 68 50 1 64 93 63 77 6 84 87 45 63 72 43 19 72 82 19 58
94 16 96 35 6 82 62 50 21 3 97 75 62 95 70 92 95 56 92 20
3 97 89 28 47 41 96 57 67 13 77 72 96 85 47 18 85 65 18 7
5 82 14 67 15 15 11 57 58 80 17 17 11 75 45 13 75 54 13 83
30 5 51 18 50 58 30 78 66 3 38 93 30 10 84 9 10 4 9 69
16 27 79 54 46 74 85 52 1 85 53 93 85 39 47 5 39 81 5 18
17 88 71 2 43 17 16 84 99 2 94 35 16 85 42 75 85 73 75 27
11 8 86 57 67 65 67 94 24 44 80 35 67 21 13 57 21 64 57 96
48 56 93 23 88 98 25 52 60 52 92 12 25 16 78 16 16 79 16 14
53 17 53 71 5 22 25 81 75 67 43 6 25 47 28 55 47 14 55 43
61 1 48 37 95 32 56 30 80 46 82 37 56 72 33 36 72 99 36 68
50 84 50 12 8 21 36 20 87 34 78 33 36 9 26 7 9 97 7 83
18 83 58 52 44 43 21 16 73 86 36 10 21 80 71 65 80 22 65 50
88 89 43 67 93 13 91 78 81 82 78 83 91 14 27 6 14 8 6 62
67 22 82 29 99 4 12 8 38 62 88 41 12 94 61 16 94 3 16 93
66 77 78 6 74 52 72 75 42 6 73 2 72 27 98 30 27 41 30 4
81 82 85 45 1 99 45 98 63 15 22 47 45 46 75 61 46 18 61 36
88 77 93 32 64 32 20 31 77 60 52 3 20 82 55 58 82 85 58 42
77 83 42 6 36 87 98 33 94 29 73 93 98 76 29 56 76 29 56 95
60 38 62 10 68 36 75 80 67 69 11 20 75 86 86 34 86 7 34 99
16 99 70 15 97 75 16 16 1 16 70 1 16 53 53 81 53 50 81 96
48 54 66 33 53 80 13 34 80 46 33 12 13 95 16 47 95 54 47 21
85 75 98 5 18 96 1 84 6 8 11 96 1 62 88 20 62 26 20 68
33 17 6 54 96 77 38 3 82 10 6 24 38 72 88 56 72 54 56 70
67 48 57 15 82 97 90 30 15 61 57 37 90 87 21 69 87 13 69 87
35 55 32 79 23 94 84 69 19 19 57 4 84 35 97 35 35 28 35 75
79 67 16 38 34 25 10 79 11 60 77 72 10 63 40 80 63 65 80 76
29 89 19 99 14 25 81 26 82 4 38 78 81 77 33 58 77 6 58 38
3 33 31 8 47 27 8 28 39 33 8 77 8 19 36 31 19 34 31 69
32 95 62 98 7 64 5 64 66 10 23 81 5 70 69 9 70 47 9 90
89 27 48 60 92 58 72 39 71 69 49 33 72 95 24 23 95 61 23 20
80 68 12 4 67 89 9 18 86 42 48 43 9 54 76 23 54 71 23 17
50 64 13 34 75 83 32 84 50 43 96 68 32 49 95 25 49 91 25 76
82 92 28 98 52 52 42 68 95 21 83 28 42 98 72 66 98 91 66 27
26 38 32 41 64 99 31 58 16 53 94 53 31 31 15 30 31 85 30 6
54 25 85 91 42 66 40 99 77 43 28 40 40 55 94 40 55 59 40 83
41 79 53 82 87 58 96 31 14 50 33 52 96 53 26 58 53 35 58 80
34 78 88 40 65 14 6 17 16 45 44 73 6 86 15 18 86 7 18 92
30 20 80 29 26 87 72 74 85 90 64 32 72 33 14 81 33 92 81 16
88 10 33 27 1 49 62 14 50 77 18 27 62 76 75 12 76 3 12 43
57 59 25 55 78 37 49 28 33 79 60 30 49 23 78 81 23 1 81 65
81 24 88 4 55 14 95 2 16 83 52 67 95 22 65 75 22 14 75 9
10 45 76 24 7 10 65 36 76 33 92 69 65 10 47 45 10 31 45 76
43 57 17 6 4 53 82 27 11 41 31 89 82 12 72 45 12 16 45 58
72 95 45 27 36 20 38 91 79 11 47 78 38 27 41 51 27 96 51 42
54 53 41 17 71 70 34 43 58 70 48 80 34 32 66 31 32 37 31 12
79 83 76 37 83 42 88 88 10 7 17 45 88 7 71 90 7 64 90 65
62 29 33 95 88 58 12 17 69 59 56 65 12 53 96 21 53 36 21 77
94 41 55 60 12 44 90 71 76 80 35 46 90 9 78 76 9 97 76 59
15 56 17 30 72 62 35 91 53 95 85 17 35 8 38 35 8 9 35 10
31 94 76 47 37 59 17 55 74 83 59 89 17 12 14 21 12 69 21 61
21 51 7 19 89 12 72 95 40 2 16 18 72 34 22 75 34 40 75 77
75 97 50 96 9 15 28 82 38 5 95 19 28 27 41 7 27 59 7 45
59 1 13 30 66 60 8 90 44 44 88 51 8 4 34 60 4 83 60 90
20 40 2 68 79 91 95 79 21 53 13 61 95 33 74 98 33 9 98 90
61 85 85 19 75 27 81 83 99 39 59 51 81 11 37 70 11 54 70 74
55 47 6 49 61 1 14 64 51 48 76 24 14 90 48 98 90 98 98 22
76 21 93 4 7 51 22 86 91 72 79 7 22 55 36 46 55 29 46 15
58 97 53 86 64 62 97 16 73 12 28 59 97 34 13 15 34 18 15 95
25 94 27 97 19 44 47 45 56 17 6 25 47 6 66 97 6 47 97 41
51 40 45 67 8 88 47 3 63 68 82 75 47 52 69 77 52 48 77 46
25 15 34 89 71 57 59 7 65 68 48 49 59 38 14 60 38 21 60 83
51 22 26 61 24 75 8 54 36 56 63 6 8 41 32 74 41 53 74 88
2 63 94 90 41 47 10 62 96 74 41 28 10 58 70 73 58 53 73 72
94 17 34 13 33 2 7 7 24 35 70 42 7 48 19 28 48 71 28 75
80 57 13 35 13 54 56 29 82 76 50 54 56 11 16 92 11 59 92 5
45 66 3 96 8 30 66 89 40 7 73 12 66 89 78 90 89 16 90 17
64 16 54 29 59 83 88 2 34 61 9 42 88 60 34 33 60 93 33 56
81 24 72 25 13 20 2 76 26 43 43 21 2 49 46 87 49 81 87 43
79 27 4 71 95 91 48 50 57 10 91 78 48 63 61 47 63 86 47 63
69 2 49 11 29 40 7 89 79 17 6 49 7 65 30 76 65 62 76 37
21 34 63 13 23 83 21 82 43 59 7 14 21 9 62 26 9 86 26 43
11 33 89 90 57 94 8 65 55 39 40 1 8 94 32 45 94 63 45 19
61 17 71 84 43 10 14 55 40 70 33 26 14 56 40 39 56 6 39 89
79 32 10 99 7 52 8 66 63 2 92 16 8 53 94 41 53 33 41 80
53 80 66 76 64 77 12 46 11 97 78 24 12 41 76 4 41 75 4 11
32 62 40 10 57 74 12 57 29 32 35 33 12 46 84 29 46 89 29 85
11 58 64 76 80 60 17 83 64 70 76 20 17 67 1 83 67 4 83 28
5 16 95 14 13 66 30 40 54 48 46 9 30 75 2 81 75 63 81 20
64 11 88 60 38 17 71 25 76 75 9 52 71 83 1 21 83 43 21 36
86 92 92 71 25 17 62 31 42 20 28 1 62 25 26 4 25 39 4 2
7 39 10 42 79 22 53 1 86 50 61 67 53 34 46 95 34 63 95 7
84 86 83 18 10 55 64 12 15 41 52 91 64 36 92 80 36 7 80 43
17 97 32 78 68 90 63 10 77 78 14 52 63 95 63 23 95 30 23 64
52 85 30 14 37 11 3 27 9 3 38 87 3 56 94 64 56 17 64 74
62 20 4 32 99 22 89 67 36 94 57 31 89 95 27 77 95 87 77 4
19 66 7 67 3 78 74 33 49 77 62 59 74 70 22 91 70 49 91 19
84 45 64 86 88 42 49 20 93 95 41 13 49 11 88 46 11 54 46 76
86 5 35 98 82 93 24 21 10 5 98 46 24 17 32 27 17 74 27 27
67 54 12 24 37 55 15 5 52 55 60 97 15 42 37 18 42 16 18 20
12 88 49 73 73 7 37 71 49 86 89 12 37 80 45 42 80 34 42 65
87 11 17 51 89 96 26 73 87 44 58 35 26 82 87 3 82 31 3 57
71 35 92 79 4 72 6 88 34 88 49 65 6 72 80 26 72 24 26 64
37 10 55 91 61 1 74 67 33 65 82 46 74 52 5 81 52 41 81 42
9 17 43 71 33 37 91 78 36 47 1 22 91 85 15 24 85 76 24 19
42 26 77 20 58 67 77 52 50 81 48 93 77 26 54 83 26 88 83 65
57 96 77 66 37 39 57 79 20 80 34 41 57 30 76 8 30 61 8 48
49 81 10 71 65 41 23 9 75 61 51 15 23 39 88 5 39 34 5 18
49 61 56 92 60 13 81 63 5 10 11 2 81 60 73 82 60 80 82 6
3 7 83 88 28 86 12 73 47 27 3 9 12 66 60 47 66 91 47 4
5 68 50 1 64 93 63 77 6 84 87 45 63 72 43 19 72 82 19 58
94 16 96 35 6 82 62 50 21 3 97 75 62 95 70 92 95 56 92 20
3 97 89 28 47 41 96 57 67 13 77 72 96 85 47 18 85 65 18 7
5 82 14 67 15 15 11 57 58 80 17 17 11 75 45 13 75 54 13 83
30 5 51 18 50 58 30 78 66 3 38 93 30 10 84 9 10 4 9 69
16 27 79 54 46 74 85 52 1 85 53 93 85 39 47 5 39 81 5 18
17 88 71 2 43 17 16 84 99 2 94 35 16 85 42 75 85 73 75 27
11 8 86 57 67 65 67 94 24 44 80 35 67 21 13 57 21 64 57 96
48 56 93 23 88 98 25 52 60 52 92 12 25 16 78 16 16 79 16 14
53 17 53 71 5 22 25 81 75 67 43 6 25 47 28 55 47 14 55 43
61 1 48 37 95 32 56 30 80 46 82 37 56 72 33 36 72 99 36 68
50 84 50 12 8 21 36 20 87 34 78 33 36 9 26 7 9 97 7 83
18 83 58 52 44 43 21 16 73 86 36 10 21 80 71 65 80 22 65 50
88 89 43 67 93 13 91 78 81 82 78 83 91 14 27 6 14 8 6 62
67 22 82 29 99 4 12 8 38 62 88 41 12 94 61 16 94 3 16 93
66 77 78 6 74 52 72 75 42 6 73 2 72 27 98 30 27 41 30 4
81 82 85 45 1 99 45 98 63 15 22 47 45 46 75 61 46 18 61 36
88 77 93 32 64 32 20 31 77 60 52 3 20 82 55 58 82 85 58 42
77 83 42 6 36 87 98 33 94 29 73 93 98 76 29 56 76 29 56 95
60 38 62 10 68 36 75 80 67 69 11 20 75 86 86 34 86 7 34 99
16 99 70 15 97 75 16 16 1 16 70 1 16 53 53 81 53 50 81 96
48 54 66 33 53 80 13 34 80 46 33 12 13 95 16 47 95 54 47 21
85 75 98 5 18 96 1 84 6 8 11 96 1 62 88 20 62 26 20 68
33 17 6 54 96 77 38 3 82 10 6 24 38 72 88 56 72 54 56 70
67 48 57 15 82 97 90 30 15 61 57 37 90 87 21 69 87 13 69 87
35 55 32 79 23 94 84 69 19 19 57 4 84 35 97 35 35 28 35 75
79 67 16 38 34 25 10 79 11 60 77 72 10 63 40 80 63 65 80 76
29 89 19 99 14 25 81 26 82 4 38 78 81 77 33 58 77 6 58 38
3 33 31 8 47 27 8 28 39 33 8 77 8 19 36 31 19 34 31 69
32 95 62 98 7 64 5 64 66 10 23 81 5 70 69 9 70 47 9 90
89 27 48 60 92 58 72 39 71 69 49 33 72 95 24 23 95 61 23 20
80 68 12 4 67 89 9 18 86 42 48 43 9 54 76 23 54 71 23 17
50 64 13 34 75 83 32 84 50 43 96 68 32 49 95 25 49 91 25 76
82 92 28 98 52 52 42 68 95 21 83 28 42 98 72 66 98 91 66 27
26 38 32 41 64 99 31 58 16 53 94 53 31 31 15 30 31 85 30 6
54 25 85 91 42 66 40 99 77 43 28 40 40 55 94 40 55 59 40 83
41 79 53 82 87 58 96 31 14 50 33 52 96 53 26 58 53 35 58 80
34 78 88 40 65 14 6 17 16 45 44 73 6 86 15 18 86 7 18 92
30 20 80 29 26 87 72 74 85 90 64 32 72 33 14 81 33 92 81 16
88 10 33 27 1 49 62 14 50 77 18 27 62 76 75 12 76 3 12 43
57 59 25 55 78 37 49 28 33 79 60 30 49 23 78 81 23 1 81 65
81 24 88 4 55 14 95 2 16 83 52 67 95 22 65 75 22 14 75 9
10 45 76 24 7 10 65 36 76 33 92 69 65 10 47 45 10 31 45 76
43 57 17 6 4 53 82 27 11 41 31 89 82 12 72 45 12 16 45 58
72 95 45 27 36 20 38 91 79 11 47 78 38 27 41 51 27 96 51 42
54 53 41 17 71 70 34 43 58 70 48 80 34 32 66 31 32 37 31 12
79 83 76 37 83 42 88 88 10 7 17 45 88 7 71 90 7 64 90 65
62 29 33 95 88 58 12 17 69 59 56 65 12 53 96 21 53 36 21 77
94 41 55 60 12 44 90 71 76 80 35 46 90 9 78 76 9 97 76 59
15 56 17 30 72 62 35 91 53 95 85 17 35 8 38 35 8 9 35 10
31 94 76 47 37 59 17 55 74 83 59 89 17 12 14 21 12 69 21 61
21 51 7 19 89 12 72 95 40 2 16 18 72 34 22 75 34 40 75 77
75 97 50 96 9 15 28 82 38 5 95 19 28 27 41 7 27 59 7 45
59 1 13 30 66 60 8 90 44 44 88 51 8 4 34 60 4 83 60 90
20 40 2 68 79 91 95 79 21 53 13 61 95 33 74 98 33 9 98 90
61 85 85 19 75 27 81 83 99 39 59 51 81 11 37 70 11 54 70 74
55 47 6 49 61 1 14 64 51 48 76 24 14 90 48 98 90 98 98 22
76 21 93 4 7 51 22 86 91 72 79 7 22 55 36 46 55 29 46 15
58 97 53 86 64 62 97 16 73 12 28 59 97 34 13 15 34 18 15 95
25 94 27 97 19 44 47 45 56 17 6 25 47 6 66 97 6 47 97 41
51 40 45 67 8 88 47 3 63 68 82 75 47 52 69 77 52 48 77 46
25 15 34 89 71 57 59 7 65 68 48 49 59 38 14 60 38 21 60 83
51 22 26 61 24 75 8 54 36 56 63 6 8 41 32 74 41 53 74 88
2 63 94 90 41 47 10 62 96 74 41 28 10 58 70 73 58 53 73 72
94 17 34 13 33 2 7 7 24 35 70 42 7 48 19 28 48 71 28 75
80 57 13 35 13 54 56 29 82 76 50 54 56 11 16 92 11 59 92 5
45 66 3 96 8 30 66 89 40 7 73 12 66 89 78 90 89 16 90 17
64 16 54 29 59 83 88 2 34 61 9 42 88 60 34 33 60 93 33 56
81 24 72 25 13 20 2 76 26 43 43 21 2 49 46 87 49 81 87 43
79 27 4 71 95 91 48 50 57 10 91 78 48 63 61 47 63 86 47 63
69 2 49 11 29 40 7 89 79 17 6 49 7 65 30 76 65 62 76 37
21 34 63 13 23 83 21 82 43 59 7 14 21 9 62 26 9 86 26 43
11 33 89 90 57 94 8 65 55 39 40 1 8 94 32 45 94 63 45 19
61 17 71 84 43 10 14 55 40 70 33 26 14 56 40 39 56 6 39 89
79 32 10 99 7 52 8 66 63 2 92 16 8 53 94 41 53 33 41 80
53 80 66 76 64 77 12 46 11 97 78 24 12 41 76 4 41 75 4 11
32 62 40 10 57 74 12 57 29 32 35 33 12 46 84 29 46 89 29 85
11 58 64 76 80 60 17 83 64 70 76 20 17 67 1 83 67 4 83 28
5 16 95 14 13 66 30 40 54 48 46 9 30 75 2 81 75 63 81 20
64 11 88 60 38 17 71 25 76 75 9 52 71 83 1 21 83 43 21 36
86 92 92 71 25 17 62 31 42 20 28 1 62 25 26 4 25 39 4 2
7 39 10 42 79 22 53 1 86 50 61 67 53 34 46 95 34 63 95 7
84 86 83 18 10 55 64 12 15 41 52 91 64 36 92 80 36 7 80 43
17 97 32 78 68 90 63 10 77 78 14 52 63 95 63 23 95 30 23 64
52 85 30 14 37 11 3 27 9 3 38 87 3 56 94 64 56 17 64 74
62 20 4 32 99 22 89 67 36 94 57 31 89 95 27 77 95 87 77 4
19 66 7 67 3 78 74 33 49 77 62 59 74 70 22 91 70 49 91 19
84 45 64 86 88 42 49 20 93 95 41 13 49 11 88 46 11 54 46 76
86 5 35 98 82 93 24 21 10 5 98 46 24 17 32 27 17 74 27 27
67 54 12 24 37 55 15 5 52 55 60 97 15 42 37 18 42 16 18 20
12 88 49 73 73 7 37 71 49 86 89 12 37 80 45 42 80 34 42 65
87 11 17 51 89 96 26 73 87 44 58 35 26 82 87 3 82 31 3 57
71 35 92 79 4 72 6 88 34 88 49 65 6 72 80 26 72 24 26 64
37 10 55 91 61 1 74 67 33 65 82 46 74 52 5 81 52 41 81 42
9 17 43 71 33 37 91 78 36 47 1 22 91 85 15 24 85 76 24 19
42 26 77 20 58 67 77 52 50 81 48 93 77 26 54 83 26 88 83 65
57 96 77 66 37 39 57 79 20 80 34 41 57 30 76 8 30 61 8 48
49 81 10 71 65 41 23 9 75 61 51 15 23 39 88 5 39 34 5 18
49 61 56 92 60 13 81 63 5 10 11 2 81 60 73 82 60 80 82 6
3 7 83 88 28 86 12 73 47 27 3 9 12 66 60 47 66 91 47 4
5 68 50 1 64 93 63 77 6 84 87 45 63 72 43 19 72 82 19 58
94 16 96 35 6 82 62 50 21 3 97 75 62 95 70 92 95 56 92 20
3 97 89 28 47 41 96 57 67 13 77 72 96 85 47 18 85 65 18 7
5 82 14 67 15 15 11 57 58 80 17 17 11 75 45 13 75 54 13 83
30 5 51 18 50 58 30 78 66 3 38 93 30 10 84 9 10 4 9 69
16 27 79 54 46 74 85 52 1 85 53 93 85 39 47 5 39 81 5 18
17 88 71 2 43 17 16 84 99 2 94 35 16 85 42 75 85 73 75 27
11 8 86 57 67 65 67 94 24 44 80 35 67 21 13 57 21 64 57 96
48 56 93 23 88 98 25 52 60 52 92 12 25 16 78 16 16 79 16 14
53 17 53 71 5 22 25 81 75 67 43 6 25 47 28 55 47 14 55 43
61 1 48 37 95 32 56 30 80 46 82 37 56 72 33 36 72 99 36 68
50 84 50 12 8 21 36 20 87 34 78 33 36 9 26 7 9 97 7 83
18 83 58 52 44 43 21 16 73 86 36 10 21 80 71 65 80 22 65 50
88 89 43 67 93 13 91 78 81 82 78 83 91 14 27 6 14 8 6 62
67 22 82 29 99 4 12 8 38 62 88 41 12 94 61 16 94 3 16 93
66 77 78 6 74 52 72 75 42 6 73 2 72 27 98 30 27 41 30 4
81 82 85 45 1 99 45 98 63 15 22 47 45 46 75 61 46 18 61 36
88 77 93 32 64 32 20 31 77 60 52 3 20 82 55 58 82 85 58 42
77 83 42 6 36 87 98 33 94 29 73 93 98 76 29 56 76 29 56 95
60 38 62 10 68 36 75 80 67 69 11 20 75 86 86 34 86 7 34 99
16 99 70 15 97 75 16 16 1 16 70 1 16 53 53 81 53 50 81 96
48 54 66 33 53 80 13 34 80 46 33 12 13 95 16 47 95 54 47 21
85 75 98 5 18 96 1 84 6 8 11 96 1 62 88 20 62 26 20 68
33 17 6 54 96 77 38 3 82 10 6 24 38 72 88 56 72 54 56 70
67 48 57 15 82 97 90 30 15 61 57 37 90 87 21 69 87 13 69 87
35 55 32 79 23 94 84 69 19 19 57 4 84 35 97 35 35 28 35 75
79 67 16 38 34 25 10 79 11 60 77 72 10 63 40 80 63 65 80 76
29 89 19 99 14 25 81 26 82 4 38 78 81 77 33 58 77 6 58 38
3 33 31 8 47 27 8 28 39 33 8 77 8 19 36 31 19 34 31 69
32 95 62 98 7 64 5 64 66 10 23 81 5 70 69 9 70 47 9 90
89 27 48 60 92 58 72 39 71 69 49 33 72 95 24 23 95 61 23 20
80 68 12 4 67 89 9 18 86 42 48 43 9 54 76 23 54 71 23 17
50 64 13 34 75 83 32 84 50 43 96 68 32 49 95 25 49 91 25 76
82 92 28 98 52 52 42 68 95 21 83 28 42 98 72 66 98 91 66 27
26 38 32 41 64 99 31 58 16 53 94 53 31 31 15 30 31 85 30 6
54 25 85 91 42 66 40 99 77 43 28 40 40 55 94 40 55 59 40 83
41 79 53 82 87 58 96 31 14 50 33 52 96 53 26 58 53 35 58 80
34 78 88 40 65 14 6 17 16 45 44 73 6 86 15 18 86 7 18 92
30 20 80 29 26 87 72 74 85 90 64 32 72 33 14 81 33 92 81 16
88 10 33 27 1 49 62 14 50 77 18 27 62 76 75 12 76 3 12 43
57 59 25 55 78 37 49 28 33 79 60 30 49 23 78 81 23 1 81 65
81 24 88 4 55 14 95 2 16 83 52 67 95 22 65 75 22 14 75 9
10 45 76 24 7 10 65 36 76 33 92 69 65 10 47 45 10 31 45 76
